1092
1568
2102
2119
2184
2677
4448
6088
8927
9076
13647
16273
17115
18469
18706
19864
20941
22328
22399
22644
25178
26256
27849
29708
30317
31902
33697
33839
34051
35925
36640
36699
37214
39143
40391
41263
41434
41500
41666
42798
44314
44498
45715
47154
51533
51943
52255
54480
54769
55092
55563
56848
57037
61424
62589
64390
64879
67581
68136
68539
68682
69976
70962
71560
72050
73003
74695
76270
76423
76984
77470
77907
78197
78717
79101
81892
82789
84026
84219
85574
86929
88039
89956
90762
90837
91660
92163
92625
92726
94395
94628
96113
97834
97903
98998
99820
100075
101217
101618
105822
105842
106333
106778
108713
108931
110691
110834
112175
113029
113462
114189
114632
115931
116711
118318
120374
120880
122059
122541
123153
124065
124152
124702
125228
125685
125853
126355
126885
131725
131836
134066
134717
134998
135116
135554
137045
137071
137241
138108
138275
139122
139784
141982
142147
142529
143093
143693
144780
144983
146736
147033
147994
148234
148883
150562
152150
152185
152312
152410
155291
156391
157087
157519
157541
157861
158433
159683
160238
164000
165473
165556
165593
166409
166441
167817
167930
168128
169407
170653
172060
173433
176470
176655
177534
178950
180208
180439
182377
182577
183680
184704
186483
187704
187849
188093
189935
190214
190681
190839
191398
191421
191945
195352
195660
195814
195936
196670
196698
197260
198711
199640
200270
201152
201253
203167
203263
203450
203515
205572
205825
206789
207280
207549
209381
210284
210487
210694
211492
211948
212766
213367
213478
213893
214420
214737
215864
216163
216558
217051
217749
218329
220147
220817
221846
221854
223041
223700
227369
227831
229303
230080
231532
232882
233170
233316
233937
234170
235170
236038
238564
239330
239560
241478
241944
242599
242698
243351
244474
246222
246602
247085
248904
249650
251956
254291
254347
255668
258315
258697
258965
260205
260566
260582
260967
261488
263002
263046
263371
265093
265754
269465
271536
274053
275077
276837
277949
278784
280453
280946
283508
285199
285470
287775
288491
289312
291797
293603
294222
294785
296069
297228
298831
299310
299529
300328
302188
302691
303499
307705
308052
308507
308697
309914
310284
312036
312113
313574
313684
315659
316994
317292
317990
318103
319073
320682
321313
321708
322352
322980
323315
323434
323655
323980
329660
329902
330768
330790
332968
333159
333224
333487
336004
336246
337068
339979
340607
340914
341739
342486
343500
345300
347035
347665
348280
350049
350497
351135
352802
358194
360553
362893
363054
364027
365061
365399
365867
366613
367157
372337
373398
374371
374590
374880
376878
377429
377591
378207
378577
380998
381996
382579
382776
383175
383199
383313
383961
384375
384481
385315
386065
387284
388428
389543
391012
391847
392404
393190
393547
394387
394831
395674
396215
397206
397932
399862
400572
401300
401651
405257
407191
408063
411662
412933
413865
416012
418524
420425
420490
420590
421772
423847
425487
426002
426223
428308
429233
431181
432431
433611
434864
435181
436942
437744
438208
438368
442078
442736
443030
445134
445521
446078
446611
447797
448474
449249
452280
452598
453213
453362
454290
454308
456404
456606
456671
457344
459258
461249
462215
462836
466066
466953
468695
470717
474332
474556
476334
478985
479835
480214
481774
482703
484068
485995
486160
488961
490129
491901
493533
493649
494062
494350
495288
496882
498726
499095
501309
502507
503637
504274
504388
504519
506718
507081
508153
508192
508855
510302
514729
515250
515365
516572
517027
519336
519851
520057
520132
521918
524440
525352
525685
526060
526241
527402
527601
527607
529183
529349
529602
529813
530087
530795
530813
533481
533618
533670
533694
534650
535877
536709
536727
537088
538052
539368
539473
540124
540715
542862
543304
546364
547293
547533
548172
550042
550357
551393
552440
552812
553480
556670
557753
559034
559300
559390
560301
562663
564095
564356
564651
565633
566161
566332
569310
569795
571762
571772
573324
573515
573572
574915
577273
577840
580541
582617
582716
584808
585524
586072
590775
591910
592433
592830
593714
597265
597634
597961
600885
602079
602268
602277
603015
604873
605457
605557
606042
606091
607018
608163
608628
608884
609420
612356
613735
615404
616077
616283
617481
617845
618209
618829
620447
622135
622852
625811
626535
627131
627998
628480
628819
628914
629158
629244
630389
630764
631281
634103
634415
634733
635918
635993
636087
636685
638375
638442
638908
640451
641527
642955
644174
644490
645437
646141
647356
648801
650625
651463
654178
656595
657036
657265
657329
658117
660488
660704
661442
661582
662096
662141
662404
663046
665232
665425
665476
667878
669181
671869
673186
673421
674153
675306
676210
676575
676600
676990
677408
677678
678070
678967
679437
680188
680418
680441
683768
687685
688141
689369
691768
692328
694621
698640
698846
698906
698931
699661
700832
701036
702701
703735
705710
707904
709263
710557
711358
711429
712155
712757
713375
714119
714406
714783
715586
716174
716847
717592
717847
717862
721909
724599
725800
726785
728654
728759
729586
731516
732203
732595
733636
735105
739167
740629
740773
744708
746283
746299
748083
748530
749880
750754
751487
751600
753366
753457
755751
757011
757709
758641
759272
760005
760801
761424
761717
764836
764878
764946
765681
767742
768330
769875
770877
771759
772116
772642
774027
774976
775102
775383
775755
777133
779488
781165
781529
781624
783205
783911
784008
784121
785087
785436
786658
787121
788609
788991
789199
790346
791768
792934
793869
793901
794060
794293
798448
798475
798946
799596
801703
802116
802846
803623
804695
808151
808397
808890
809546
811178
811261
811776
812122
812974
814221
814695
815494
816187
817242
818118
818971
822556
822676
824414
825141
827525
829814
830497
831901
832747
834044
837158
839858
840782
841412
841431
843433
843720
844252
844794
844955
845669
846878
847514
848791
849863
851030
854638
854856
855030
855372
857627
857893
858156
859886
861666
862616
865177
866653
866974
868045
868086
868255
868781
870824
870996
871084
872564
873603
873705
875463
876452
877095
878533
878755
879746
881078
881877
883794
885051
885272
887708
887847
888339
889209
891973
893200
893244
893360
894065
894070
895088
896637
897032
898135
898224
898923
899737
900488
902006
903351
904577
905789
905945
907641
907664
907843
908191
908249
908264
908956
909422
910544
910723
914027
915288
916716
916724
918065
919654
921119
921315
921357
921590
923531
924868
926092
927230
927921
930316
931365
931839
935232
935668
935771
936799
939165
939539
940185
940553
942642
944748
946293
947401
948432
949099
950343
950348
950774
951087
952261
952388
952459
955158
957968
958640
958826
959969
959987
960430
960990
961869
962905
967236
967358
967524
967689
968687
969642
970099
971082
974370
974608
975219
977276
977472
980094
981801
983590
984394
984682
988663
988785
989348
991025
991087
993419
993522
994038
994415
995012
996854
997830
997973
998414
999110
999935
